	-- Sprites
	type sprite_block is array(0 to 15, 0 to 15) of integer range 0 to 1;
	constant trex_1: sprite_block:=((0,0,0,0,0,0,0,0,1,1,1,1,1,1,0,0), -- 0 
									(0,0,0,0,0,0,0,1,1,0,1,1,1,1,1,1), -- 1 
									(0,0,0,0,0,0,0,1,1,1,1,1,1,1,1,1), -- 2
									(0,0,0,0,0,0,0,1,1,1,1,1,1,1,1,1), -- 3
									(0,0,0,0,0,0,0,1,1,1,1,1,0,0,0,0), -- 4
									(0,0,0,0,0,0,0,1,1,1,1,1,1,1,0,0), -- 5
									(0,0,0,0,0,0,1,1,1,1,0,0,0,0,0,0), -- 6
									(1,0,0,0,0,1,1,1,1,1,1,1,1,1,0,0), -- 7
									(1,1,0,0,1,1,1,1,1,1,1,0,0,1,0,0), -- 8
									(1,1,1,1,1,1,1,1,1,1,1,0,0,0,0,0), -- 9
									(0,1,1,1,1,1,1,1,1,1,0,0,0,0,0,0), -- 10
									(0,0,1,1,1,1,1,1,1,1,0,0,0,0,0,0), -- 11
									(0,0,0,0,1,1,1,1,1,0,0,0,0,0,0,0), -- 12
		 							(0,0,0,0,0,1,0,0,1,1,0,0,0,0,0,0), -- 13
									(0,0,0,0,0,1,0,0,0,0,0,0,0,0,0,0), -- 14
									(0,0,0,0,0,1,1,0,0,0,0,0,0,0,0,0));-- 15

	constant trex_2: sprite_block:=((0,0,0,0,0,0,0,0,1,1,1,1,1,1,0,0), -- 0 
									(0,0,0,0,0,0,0,1,1,0,1,1,1,1,1,1), -- 1 
									(0,0,0,0,0,0,0,1,1,1,1,1,1,1,1,1), -- 2
									(0,0,0,0,0,0,0,1,1,1,1,1,1,1,1,1), -- 3
									(0,0,0,0,0,0,0,1,1,1,1,1,0,0,0,0), -- 4
									(0,0,0,0,0,0,0,1,1,1,1,1,1,1,1,0), -- 5
									(0,0,0,0,0,0,1,1,1,1,0,0,0,0,0,0), -- 6
									(1,0,0,0,0,1,1,1,1,1,1,1,1,1,0,0), -- 7
									(1,1,0,0,1,1,1,1,1,1,1,0,0,1,0,0), -- 8
									(1,1,1,1,1,1,1,1,1,1,1,0,0,0,0,0), -- 9
									(0,1,1,1,1,1,1,1,1,1,0,0,0,0,0,0), -- 10
									(0,0,1,1,1,1,1,1,1,1,0,0,0,0,0,0), -- 11
									(0,0,0,0,1,1,1,1,1,0,0,0,0,0,0,0), -- 12
		 							(0,0,0,0,0,1,0,0,1,0,0,0,0,0,0,0), -- 13
									(0,0,0,0,0,1,1,0,1,0,0,0,0,0,0,0), -- 14
									(0,0,0,0,0,0,0,0,1,1,0,0,0,0,0,0));-- 15

	constant trex_dead: sprite_block:=( (0,0,0,0,0,0,0,0,1,1,1,1,1,1,0,0), -- 0 
										(0,0,0,0,0,0,0,1,0,0,0,1,1,1,1,1), -- 1 
										(0,0,0,0,0,0,0,1,0,1,0,1,1,1,1,1), -- 2
										(0,0,0,0,0,0,0,1,0,0,0,1,1,1,1,1), -- 3
										(0,0,0,0,0,0,0,1,1,1,1,1,1,1,1,1), -- 4
										(0,0,0,0,0,0,0,1,1,1,1,1,1,1,0,0), -- 5
										(0,0,0,0,0,0,1,1,1,1,0,0,0,0,0,0), -- 6
										(1,0,0,0,0,1,1,1,1,1,1,1,1,1,0,0), -- 7
										(1,1,0,0,1,1,1,1,1,1,1,0,0,1,0,0), -- 8
										(1,1,1,1,1,1,1,1,1,1,1,0,0,0,0,0), -- 9
										(0,1,1,1,1,1,1,1,1,1,0,0,0,0,0,0), -- 10
										(0,0,1,1,1,1,1,1,1,1,0,0,0,0,0,0), -- 11
										(0,0,0,0,1,1,1,1,1,0,0,0,0,0,0,0), -- 12
										(0,0,0,0,0,1,0,0,1,0,0,0,0,0,0,0), -- 13
										(0,0,0,0,0,1,0,0,1,0,0,0,0,0,0,0), -- 14
										(0,0,0,0,0,1,1,0,1,1,0,0,0,0,0,0));-- 15

	constant cactus: sprite_block :=((0,0,0,0,0,0,0,1,1,0,0,0,0,0,0,0), -- 0 
									 (0,0,0,0,0,0,0,1,1,1,0,0,0,0,0,0), -- 1 
									 (0,0,0,0,0,0,0,1,1,1,0,0,0,0,0,0), -- 2
									 (0,0,0,0,0,0,0,1,1,1,0,0,0,0,0,0), -- 3
									 (0,0,0,0,0,1,0,1,1,1,0,1,0,0,0,0), -- 4
									 (0,0,0,0,1,1,0,1,1,1,0,1,0,0,0,0), -- 5
									 (0,0,0,0,1,1,0,1,1,1,0,1,0,0,0,0), -- 6
									 (0,0,0,0,1,1,0,1,1,1,0,1,0,0,0,0), -- 7
									 (0,0,0,0,1,1,0,1,1,1,0,1,0,0,0,0), -- 8
									 (0,0,0,0,1,1,1,1,1,1,1,1,0,0,0,0), -- 9
									 (0,0,0,0,0,1,1,1,1,1,0,0,0,0,0,0), -- 10
									 (0,0,0,0,0,0,0,1,1,1,0,0,0,0,0,0), -- 11
									 (0,0,0,0,0,0,0,1,1,1,0,0,0,0,0,0), -- 12
		 							 (0,0,0,0,0,0,0,1,1,1,0,0,0,0,0,0), -- 13
									 (0,0,0,0,0,0,0,1,1,1,0,0,0,0,0,0), -- 14
									 (0,0,0,0,0,0,0,1,1,1,0,0,0,0,0,0));-- 15

	constant ptero_1: sprite_block:=((0,0,0,0,0,0,1,1,0,0,0,0,0,0,0,0), -- 0 
									 (0,0,0,0,0,0,1,1,1,0,0,0,0,0,0,0), -- 1 
									 (0,0,0,0,0,0,0,1,1,1,0,0,0,0,0,0), -- 2
									 (0,0,0,1,1,0,0,1,1,1,1,0,0,0,0,0), -- 3
									 (0,0,1,1,1,0,0,1,1,1,1,1,0,0,0,0), -- 4
									 (0,1,1,1,1,0,0,1,1,1,1,1,1,0,0,0), -- 5
									 (1,1,1,1,1,1,1,1,1,1,1,1,1,0,0,0), -- 6
									 (0,0,0,0,0,1,1,1,1,1,1,1,1,1,1,1), -- 7
									 (0,0,0,0,0,0,1,1,1,1,1,1,1,1,0,0), -- 8
									 (0,0,0,0,0,0,0,1,1,1,1,1,1,1,1,0), -- 9
									 (0,0,0,0,0,0,0,0,0,0,0,0,0,0,0,0), -- 11
									 (0,0,0,0,0,0,0,0,0,0,0,0,0,0,0,0), -- 10
									 (0,0,0,0,0,0,0,0,0,0,0,0,0,0,0,0), -- 12
		 							 (0,0,0,0,0,0,0,0,0,0,0,0,0,0,0,0), -- 13
									 (0,0,0,0,0,0,0,0,0,0,0,0,0,0,0,0), -- 14
									 (0,0,0,0,0,0,0,0,0,0,0,0,0,0,0,0));-- 15

	constant ptero_2: sprite_block:=((0,0,0,0,0,0,0,0,0,0,0,0,0,0,0,0), -- 0 
									 (0,0,0,0,0,0,0,0,0,0,0,0,0,0,0,0), -- 1 
									 (0,0,0,0,0,0,0,0,0,0,0,0,0,0,0,0), -- 2
									 (0,0,0,1,1,0,0,0,0,0,0,0,0,0,0,0), -- 3
									 (0,0,1,1,1,0,0,0,0,0,0,0,0,0,0,0), -- 4
									 (0,1,1,1,1,0,0,0,0,0,0,0,0,0,0,0), -- 5
									 (1,1,1,1,1,1,1,1,1,1,1,0,0,0,0,0), -- 6
									 (0,0,0,0,0,1,1,1,1,1,1,1,1,1,1,1), -- 7
									 (0,0,0,0,0,0,1,1,1,1,1,1,1,1,0,0), -- 8
									 (0,0,0,0,0,0,1,1,1,1,1,1,1,1,1,0), -- 9
									 (0,0,0,0,0,0,1,1,1,1,1,0,0,0,0,0), -- 10
									 (0,0,0,0,0,0,1,1,1,0,0,0,0,0,0,0), -- 11
									 (0,0,0,0,0,0,1,1,0,0,0,0,0,0,0,0), -- 12
		 							 (0,0,0,0,0,0,1,0,0,0,0,0,0,0,0,0), -- 13
									 (0,0,0,0,0,0,0,0,0,0,0,0,0,0,0,0), -- 14
									 (0,0,0,0,0,0,0,0,0,0,0,0,0,0,0,0));-- 15

	constant cloud: sprite_block:=(  (0,0,0,0,0,0,0,0,0,0,0,0,0,0,0,0), -- 0 
									 (0,0,0,0,0,0,0,0,0,0,0,0,0,0,0,0), -- 1 
									 (0,0,0,0,0,0,0,0,0,0,0,0,0,0,0,0), -- 2
									 (0,0,0,0,0,0,0,0,0,0,0,0,0,0,0,0), -- 3
									 (0,0,0,0,0,0,0,0,0,0,0,0,0,0,0,0), -- 4
									 (0,0,0,0,0,0,0,0,0,0,0,0,0,0,0,0), -- 5
									 (0,0,0,0,0,0,0,0,0,0,0,0,0,0,0,0), -- 6
									 (0,0,0,0,0,0,1,1,1,1,1,0,0,0,0,0), -- 7
									 (0,0,0,0,0,1,1,0,0,0,1,1,1,1,0,0), -- 8
									 (0,1,1,1,1,1,0,0,0,0,0,0,0,1,1,1), -- 9
									 (1,1,0,0,0,0,0,0,0,0,0,0,0,0,0,1), -- 10
									 (1,1,1,1,1,1,1,1,1,1,1,1,1,1,1,1), -- 11
									 (0,0,0,0,0,0,0,0,0,0,0,0,0,0,0,0), -- 12
		 							 (0,0,0,0,0,0,0,0,0,0,0,0,0,0,0,0), -- 13
									 (0,0,0,0,0,0,0,0,0,0,0,0,0,0,0,0), -- 14
									 (0,0,0,0,0,0,0,0,0,0,0,0,0,0,0,0));-- 15
